72088
10896
59128
61549
93361
96780
31117
88401
93052
78262
3230
51295
54287
79999
35535
88877
27441
152
37949
59453
16270
10281
17120
72308
55712
48710
43109
31496
73478
17760
52301
70021
70502
37566
52620
45137
10576
53373
92666
51671
12336
80363
91239
5824
9577
77000
1539
16111
93125
24294
64369
17574
57572
93152
40730
90542
57014
22681
86343
7333
70981
3187
29632
42755
14050
84018
48382
22157
72495
79442
65139
33796
59701
2210
81304
31722
72988
29384
23445
90228
57037
60768
51498
94638
49878
33735
24984
4675
48375
88154
58251
32820
37362
80682
1364
12418
52185
53996
12972
10645
6965
67254
16364
71340
77574
60838
20941
68234
48316
44107
88117
22181
56908
68002
36969
74304
14641
41186
84220
75739
73237
82949
95989
58783
77591
23332
36602
90369
61161
18244
82856
25357
71203
4385
51798
95721
38163
90725
20493
27119
7904
20877
44217
46962
65560
29355
21612
48345
43148
64636
52482
20613
27348
37367
65245
6094
77823
59150
61911
21202
1962
78301
6890
55606
37305
2661
23850
76985
93045
22026
4534
96943
24610
67728
84938
37232
48136
12123
47470
30487
22665
57219
30128
61917
58952
81741
88304
77767
47919
61706
76819
5635
74639
85847
58271
77278
25227
93248
50477
19725
64327
9760
31871
15785
96896
95737
74396
57326
10651
31509
84315
20807
42375
20803
82179
90463
52944
8117
43084
22741
69923
70207
82026
53512
7543
51030
59891
41248
5142
16185
52419
30184
34264
81904
30213
32998
77243
35954
30070
19914
68953
67495
24550
19127
80028
73778
29763
94751
72748
17839
32454
96279
24327
8145
2606
28785
12583
13470
90912
38151
85380
59650
72446
19687
75271
2990
47113
4334
39678
63327
30347
89464
56029
76684
26917
88144
49073
37954
47490
94310
85931
13736
5445
42167
44544
60967
11262
17443
62937
49768
13720
90275
89626
68134
69902
79820
13094
69327
18357
8348
93422
92237
21884
31016
23133
11657
83658
25708
72133
66458
30064
58489
28357
95731
42094
27050
66670
68685
20355
58826
38349
52909
56613
382
25634
51354
16470
16449
70268
27860
55663
43453
29841
66087
50041
17110
80154
63175
12699
30326
86888
18072
44565
82840
40739
38079
25335
56148
3170
87235
49279
46659
95203
22132
18487
20137
84709
30348
67655
84355
53476
2829
42372
40080
93083
57755
43181
5578
31746
47559
56955
19822
82764
86420
11339
56832
47180
10461
80024
59869
28261
57338
6353
19059
52278
34576
239
81027
78519
66157
44096
95909
71504
3992
29492
30726
63742
5890
23620
11313
33134
90104
65630
46811
21404
52008
9496
11070
37979
62362
92234
71578
92584
77469
46167
35567
95169
66950
90976
80512
56027
59206
37685
27857
76592
1257
95654
59364
93559
92168
81033
26320
36463
31896
49979
47684
29667
79036
79342
28275
67390
25620
48900
18526
31685
82607
51236
81264
12527
73374
36383
30562
85162
69290
45099
9039
48960
95884
9368
53913
48843
21809
32567
75461
71767
94055
23002
66301
16916
30144
42788
90112
39431
16500
61504
33784
91313
67276
18880
61452
90281
7034
23742
14266
29689
57386
40495
89294
45652
34337
59786
8305
7834
36594
6083
66125
52579
8908
72527
91606
68802
1153
74041
41972
13505
94145
85213
85483
20048
27638
43580
27820
3964
93490
56433
42799
32392
17266
58861
50244
36904
345
94004
68539
63416
42531
20586
60978
75437
55542
67807
33822
95685
79581
86642
92698
23964
89775
82353
27386
19422
32926
26182
6208
75806
59388
25947
42944
79100
72843
84844
14408
27294
437
95055
63612
3808
29746
55526
81142
40982
65671
85858
87875
97099
25910
15596
77478
14101
22999
95527
4685
94177
71870
27479
90766
43184
62934
19095
11274
90322
51573
48624
39906
33626
93791
45909
91823
42503
18737
84236
51556
25142
75848
65168
47968
22874
85035
71888
6432
26701
76012
66998
61046
61825
91319
69873
22018
35438
69660
12002
54140
60147
27374
9971
95409
77321
51120
36565
56679
47014
69454
9683
34512
18464
39474
71763
43276
24937
66387
4415
86268
59252
82697
55612
93746
9746
81883
66473
7388
58746
55082
78279
80383
62857
63473
53882
94643
20333
90077
96050
84908
6444
77689
29146
12011
39949
68739
53158
12000
54436
87767
4622
85296
53546
15073
49032
64358
90152
34851
96108
38956
38915
58134
95324
15681
62337
42260
87539
77660
41814
78345
77088
29810
42831
5282
55798
11325
45623
60186
61563
21034
15473
7128
46097
85068
62310
19566
11838
50467
20852
39484
82017
33194
6410
88673
47624
46920
10655
82452
53021
67380
70272
48656
49689
97140
35280
40224
31597
64638
54747
56439
63580
20707
32350
56625
1013
17917
33570
54464
55328
24351
76853
76532
60736
95455
44487
6225
45881
31072
37640
84914
4272
93061
28701
87554
28186
53723
90020
72318
46144
91323
74210
60594
38112
51894
7838
44519
22786
58019
40712
87590
5295
26218
95614
41575
80146
29358
41546
68117
32490
77383
3214
36840
78167
23387
48638
5100
24245
43125
3449
74039
50956
72312
51173
48589
86531
73324
62761
9867
49060
13988
63064
12784
28175
18807
76028
13123
57702
74007
37103
14058
58543
72415
24402
33880
42819
40059
66878
93169
57216
42265
78128
44752
53250
70615
11407
73871
25205
10343
72910
2832
1756
29687
11421
96992
37022
25058
10380
10404
78282
34689
47140
15096
36656
67640
39422
25625
9927
54275
20645
53352
76272
2339
74507
65281
53638
92804
36832
61282
94981
43286
94271
45575
14335
61799
74988
71503
91194
54827
47795
66877
53123
16238
12132
36973
53009
13968
15791
4466
76429
42940
95031
91577
85922
13225
16765
24990
89234
63857
12200
7278
59549
23516
77586
48241
77078
6016
28821
63929
61525
14931
73895
52777
11887
8734
30201
22056
35933
44093
23807
2672
81916
44263
74360
80102
82924
4573
56745
70490
26646
3385
95684
54218
27318
45980
32901
34952
5670
35976
68869
5539
22632
42017
31402
96687
52248
32700
10275
4585
40052
71736
38062
58717
87726
17067
44414
14573
24456
75426
74011
60561
17012
62853
28012
18491
73875
6460
55554
55353
92869
45618
63205
14768
74160
88727
76412
68757
16340
43669
391
2609
17916
26863
71519
38341
79697
13642
88310
41459
31910
41593
58574
91007
55153
49104
91448
37012
74932
50810
72679
62300
91730
29635
41517
63058
56078
53454
37525
95380
89735
25384
8128
18116
37553
3605
34972
10568
26372
19011
77589
64479
45020
88919
14040
7513
79671
60547
41554
61748
14390
79837
72484
73239
7121
15254
24895
22679
62918
31789
69169
83093
59718
66224
56902
36714
84292
48025
61907
30473
17554
16274
94876
18130
94538
87548
1835
81651
88248
45821
50008
92350
87927
89999
38923
96927
36771
72555
32997
83881
12791
11123
88946
11659
36192
97139
18852
80231
88325
60358
28321
10761
10170
37095
75700
74343
64705
79699
93735
60353
64739
58488
86765
88303
88433
95071
16136
50061
56701
87707
71771
78117
65158
31252
58966
14757
47311
52890
95857
65342
58136
7449
19143
56427
312
20270
15775
30482
7284
5923
67482
97430
59386
72251
32609
25056
32721
281
62835
6127
75436
91169
3990
75091
84402
75563
68745
30993
76722
26944
28942
2939
73560
82407
78603
3332
34537
79706
21041
13318
41224
68196
84164
39875
60454
88977
20138
74406
84006
39903
6822
4133
12967
55781
68336
52966
6568
31930
71349
67717
849
92491
73906
68806
79952
57787
52822
50197
39100
55468
76298
7553
50873
80802
72105
64878
59326
24024
93100
16883
67090
71005
202
86147
82033
80893
75160
48488
88870
70499
84618
17956
40973
47112
41367
44924
16235
91945
21765
31012
47453
78349
61399
78756
78265
26073
74124
69831
13943
13643
28292
47066
31913
93446
83864
87594
31343
25916
8554
14745
70227
76386
78456
86570
62075
42447
43612
50554
62194
78917
10802
4062
26900
27823
92563
40230
29944
67612
14355
94231
40121
34470
61475
78725
3167
44812
50666
77964
43207
67175
1285
19020
26131
28689
50388
26476
16260
42288
42247
27360
95717
59376
7606
30310
76549
65788
40644
61163
14005
6753
72672
25023
37725
59611
38000
36303
15202
32590
37680
64742
80356
32768
12512
13831
6693
89376
56128
36131
48462
45278
13897
93819
36662
85203
5449
94426
86909
20482
53148
52501
6974
60919
78046
48517
70245
4674
47498
51029
42056
42708
58153
79480
2774
24270
58886
33911
10696
74830
18958
33184
91145
73296
14334
36777
48671
72140
46060
33380
94076
21733
48034
7103
78134
84962
76462
61877
66642
54787
60379
68721
34611
94200
36623
54580
8099
69636
61516
30190
49463
4420
54225
37156
26868
94029
62006
93627
26774
6275
20939
2089
79069
95096
3024
89538
95675
3796
75681
34455
19955
80853
67487
12714
56310
67438
39095
14394
5440
67528
41860
12278
984
72169
56946
51286
61680
71373
34973
46289
56594
16478
53911
68616
86654
6916
13352
59528
93364
43586
93038
93733
92012
13810
67622
86162
68111
38274
25290
87571
15261
63149
54370
84235
72086
36796
95342
37332
17400
21039
31361
94618
18884
7886
11844
79020
40504
60554
20211
4867
19537
21609
185
83037
17513
20303
32177
83922
65515
40779
14849
26211
9092
66095
85194
43
24788
78900
58051
55081
18618
87143
46348
19458
27858
39173
94601
81509
46855
58856
71604
10144
19917
87811
66944
19703
14401
20157
66811
24048
39303
86973
80805
23353
74687
14199
38950
33566
84977
2694
30187
22285
42404
73492
76596
80874
87757
41492
35884
9772
38323
28252
58126
96909
13003
88367
89473
72571
43553
96507
21722
62385
72113
17591
67393
84726
44741
6053
88245
55008
397
23961
19079
8202
33181
93619
9503
73567
92776
11328
91723
87416
30404
13803
69017
19997
82828
52910
33226
3791
31857
54209
84033
38117
73426
91127
64966
15343
58240
75843
2812
13964
51117
65444
37850
26169
14465
22788
86923
26938
77456
28461
81226
49139
29616
88841
71552
75512
12776
39721
77496
9644
29962
6475
54598
82204
94727
49165
41893
41039
67032
74657
58493
56452
58947
5304
51203
69623
52250
7756
25814
43754
78445
29908
36219
67978
90540
75313
13807
19358
37460
66035
20227
81118
20426
81458
33347
54618
10729
9293
18247
88828
15497
25697
28619
44684
47847
77206
31593
4289
2497
32697
89154
36691
37912
34119
83911
32355
49131
66669
22120
6299
65611
1593
72598
95133
41215
7725
45651
48185
62620
87093
76394
38702
43735
54514
84752
55015
79299
24029
79903
85722
47229
83491
97004
1771
32366
80743
7254
73881
65211
4682
15679
43493
58185
81188
49666
20279
18985
51372
56719
48562
91691
51514
54882
34091
10838
25009
86393
16915
11792
85654
82299
35895
86369
96781
14688
26010
96243
7887
6085
76408
17319
78039
80251
57493
56072
93243
282
94295
37677
73174
9124
43830
67543
5999
40588
73429
37292
81973
69555
59484
22618
6340
6540
58907
43926
50764
20509
47807
53124
48046
91537
29026
48379
27519
28113
80776
34262
83104
90740
9890
95625
27937
22505
80157
19571
29986
62486
11271
16410
57471
55973
85223
67535
21550
34452
9610
66051
69485
81945
45894
5943
30269
81103
62280
18471
44796
91501
14827
86311
86855
45528
18326
43929
89427
40881
66258
82298
95577
95704
10779
8687
7492
9149
47983
8055
90616
77125
83677
3708
25377
66615
96027
47597
60939
47596
15852
78650
71631
44926
20821
40744
28361
38375
34056
19653
6456
81419
13819
55198
56510
96370
32788
23650
29950
56364
80576
8572
7260
75246
47314
82242
35142
38496
91775
25011
86426
62595
46222
42122
60987
8698
11905
7839
65124
4479
85607
53471
22881
44664
31622
46895
84687
85335
51497
51771
47391
53294
86139
69310
8187
6186
82835
22797
28524
25639
80441
59130
45260
79021
24845
95782
12591
8808
29423
46744
69622
38214
14400
22777
27043
9111
74446
52739
30819
18626
21963
97255
83930
52931
96282
19153
62715
55438
96325
82356
42962
65779
35925
66155
16905
64838
14810
54960
86064
1255
92982
65849
27921
22168
53126
88108
10449
19480
22478
87725
31900
9630
48782
11574
88929
69829
9282
53972
49193
15232
20522
83319
51616
82132
1233
8641
45426
73458
35967
80439
9331
56473
33143
53378
4542
56822
95745
53803
2251
4985
61054
72191
95427
1409
49977
96755
61440
65132
70610
81295
49852
56190
71690
44579
75403
51909
38853
24435
32953
9865
74209
62452
64517
88255
23971
94728
3130
75082
87895
57664
93068
998
74090
88235
59947
5942
44012
7456
32166
91310
83680
47781
5294
96350
48947
58600
34873
70803
2752
24948
15233
41075
31167
74598
81573
43528
72417
17200
95156
44175
20005
80120
33366
11150
21749
33996
93959
23952
85900
10002
6209
44073
96467
27482
45074
63399
22496
54805
53855
67
30838
23818
94614
13674
28713
33032
27965
27209
19241
31160
36027
95958
40381
82514
12227
9430
41644
54772
2914
51109
54391
69193
79045
63091
90341
4078
6229
49792
1317
10161
50248
4531
43810
59054
56192
5809
85151
79094
55569
53470
66014
8830
31996
14008
67052
72870
81465
76613
23246
71479
82060
16031
3659
63562
82291
13594
71271
90571
82079
49817
33316
44462
6613
54092
28557
38134
14437
52498
23800
95016
14197
91751
40175
84009
41833
79331
4906
23108
48614
71693
84228
37412
43585
16749
81735
7163
36847
57419
69770
42580
78855
35673
7179
70350
30910
97200
19812
70222
2172
48717
50833
66699
73279
84944
96185
32813
79644
62168
53254
72126
85905
20701
14550
593
68473
12541
21825
32669
254
38362
12016
64368
75787
22884
19602
71507
69315
94634
76901
21244
31174
14923
12976
81508
56112
23460
17384
93420
78005
20752
44026
77039
54435
87991
94436
85246
2431
11373
73061
58056
42153
20234
65932
92894
53358
77531
1120
34263
39675
39664
57028
28627
14187
97021
96915
36503
14077
24836
48821
84119
82258
8733
56215
19899
86171
56356
81777
90664
96062
88505
93899
41276
76221
5244
43064
25015
34908
67893
57294
61829
61213
38658
78276
7713
72934
25375
59361
71011
89386
41273
42739
93445
95570
97049
96847
80931
67591
40943
69645
85369
28368
22369
15612
85537
31853
47449
87410
82662
90027
62083
73773
53600
34782
93589
97053
78625
35317
34757
87719
46016
54490
2564
57341
73155
36647
45339
23767
81778
3563
93536
93625
72612
13955
82572
22744
77728
7423
49568
60127
92914
89964
44269
44687
68841
77579
47224
31295
56140
17250
57902
54638
58731
53893
37695
48993
97034
22405
39883
79430
97355
67176
22252
24498
50445
36339
42065
50948
3215
91544
89570
83869
1377
20454
44498
26336
40956
77633
36144
24790
90982
64961
53042
3202
85864
41245
80483
26347
31517
21336
10406
74372
52293
84989
42892
65929
95907
23562
69481
81716
49276
21258
81039
92463
77204
17134
65311
66825
92251
49017
49241
55585
6009
24342
84981
70111
72669
80184
14960
29381
13168
26329
51576
59525
8552
96773
71417
24474
72691
53
42568
66425
78411
77183
59710
55762
1083
49192
59766
85041
23830
87132
28838
71146
10599
57607
22694
4639
64926
3493
47100
7560
58749
20678
63639
60692
25633
61337
61568
61332
36605
55299
44535
8955
16247
44361
49016
71270
41897
95400
94769
54723
95946
45361
18739
60482
59401
66186
12234
35112
59822
57156
18282
7280
27013
42350
81032
33773
72628
21190
15954
8198
82247
73920
9052
17286
29613
30988
28067
44603
88698
46918
4576
29879
34324
68870
45563
32520
69158
65239
44391
61573
54758
29393
60743
94656
70149
6293
2327
51059
95840
91976
75915
38718
21466
11010
19596
47111
48189
6233
34545
80395
21826
39111
34015
73719
11817
77132
68815
29379
57394
18846
79056
20111
6557
21635
95401
60274
2386
66790
16492
70897
14897
77297
17405
96017
66315
22898
58119
32151
32728
76345
95291
44067
37080
11072
17248
75226
64054
46036
19991
14751
1368
84125
20041
14300
89444
43896
72511
18696
24366
15487
72816
52736
71894
56097
83405
72473
91137
35396
10586
30911
42583
92046
4169
63403
41363
67519
53981
62144
76352
10614
5043
56738
6013
56786
32573
76755
44653
69650
5568
414
40555
12798
64123
11768
94421
95315
12068
57248
72655
84044
11066
71002
39869
65861
73534
31522
86115
64554
46752
21844
22145
14811
64134
11157
18220
8678
96009
22742
16642
28911
87611
30706
58619
74411
12783
84269
89358
36824
10907
6873
47737
23083
7709
42743
55784
31635
54317
95948
38641
88546
60596
12435
9355
27176
37830
36644
3540
63889
3616
77868
17375
85242
52578
14557
75935
13009
44004
84173
12982
9992
67514
69953
33817
64378
45373
89803
73005
78172
55475
22638
63525
74142
3576
32931
60010
16856
11621
31240
36795
26216
22981
13057
62292
43349
84812
12485
11317
81161
76258
69547
38830
91591
4568
47552
85812
39110
92044
65840
61341
22470
11392
16571
16757
52481
46911
17023
65717
76468
13820
15886
24011
26766
92508
58819
21663
49327
64583
63500
7109
54492
68390
80862
17880
7650
76920
74708
1562
23159
88038
14519
37399
59939
59872
59250
88671
72443
76523
85817
8037
44407
51674
68924
51426
28728
54513
94250
67705
10089
83393
78049
24591
69718
36781
31031
21197
37740
88574
22751
16673
43935
93226
82106
73184
42787
82054
76183
49957
43107
48077
38385
90999
88464
63480
47480
84072
946
27276
10528
15454
75468
96401
12920
56926
26308
86290
75551
15069
61873
38666
14586
27418
69932
4843
96888
70007
89687
85672
94564
75068
46907
2762
15183
38384
86962
87240
11745
2006
83577
83363
2332
96320
35817
95171
55433
10504
18202
67034
65176
3390
11220
70369
2587
93997
19010
84891
3638
86904
63957
76025
35702
18849
65195
34792
80058
23153
5587
76504
7870
7468
34409
82684
77080
301
60779
5874
3941
9378
86495
13516
78432
85136
48969
41830
2619
39343
80859
77254
56736
38572
49236
23668
4679
13905
49307
5700
91238
50461
57716
66030
24240
74566
72857
4343
95600
82624
53333
32275
78389
8855
62036
25715
56872
84403
64893
74722
38258
13161
90700
64189
34863
56602
16021
64597
74804
62367
58345
17776
78876
18467
46734
73829
69763
13604
77744
1854
92735
35864
29816
15849
57574
42913
11419
33755
34289
6871
94210
40735
48949
1976
22555
54912
27593
70055
90709
31296
57849
62054
31207
79067
97240
76147
80544
60344
52638
20354
31359
23918
84770
5866
17589
46863
60461
73430
84729
11576
20484
6865
72983
25862
93343
4234
10868
74004
36107
72965
6838
68613
72956
44513
20020
33273
59368
8747
51326
69917
65657
44877
73469
31360
64225
76121
52448
41661
77743
92214
95145
15850
10477
40830
62763
38094
18999
28210
44010
87332
43414
51232
32522
70795
5423
40195
86319
9123
10063
9766
24363
5636
11088
63024
44453
95635
10211
27260
28636
12930
49748
90346
72425
85444
73618
54035
68014
22142
81232
14125
91949
81526
76821
31939
50299
7641
89277
28794
67683
46120
58499
63435
20187
8369
35926
88723
42700
87783
87432
7208
723
40179
56922
94039
34179
11192
31435
4473
48521
38899
20357
56007
52940
30674
31451
68867
16881
80736
19801
23691
71360
83694
85307
2023
48091
54164
95357
9311
47799
57640
20548
94042
85687
5921
65846
5534
42653
56177
65972
6961
4182
90638
57806
32424
28209
50502
32793
69949
20874
68510
4910
30071
90578
73787
16505
28193
82765
34098
86385
58151
35556
26590
95379
41654
25086
33470
26911
56507
63903
52699
84026
79028
46614
57661
79735
11479
9229
78084
21967
90003
42586
47186
56449
57192
37219
6347
31824
37848
49811
92138
60364
424
79181
38465
90359
86411
28910
19901
64840
37076
51455
58122
94514
53129
90051
57155
40656
57117
91576
20322
11214
28621
80270
60079
39738
28996
86493
66394
23374
13047
11456
42005
11503
21820
47606
88975
9515
87335
35777
86362
3443
87479
37907
24008
17449
11297
87996
88480
41504
18668
64024
50454
82762
46532
4124
56036
49489
25428
74989
8397
2181
13071
73976
72656
17693
57540
15060
48032
63006
87200
57343
44561
78088
13959
85243
41997
29886
62187
19970
15324
43117
18833
86885
66943
97448
49396
91436
17711
66776
85794
64623
57896
48493
26468
41677
79790
49678
60317
14511
9058
13321
50261
15139
73937
67224
83690
39437
54934
9377
16980
24006
36411
7289
94147
31053
42483
89819
73491
86005
32199
96629
30308
37765
341
5285
97161
54183
19300
11684
78037
25691
24301
42102
43606
46838
48423
87681
87879
39645
55034
61111
90297
22118
26995
80258
22802
4476
43467
24714
70761
93654
83190
67169
85180
19584
18101
47041
68677
28170
86094
9717
14181
89097
897
38858
55835
77527
3484
73605
27743
52436
60741
24176
19421
38446
3581
34876
94047
14980
19891
68252
85441
27641
11143
64508
70573
5430
6975
29386
46088
20250
29561
26572
23533
74320
58536
79047
58810
82601
33275
3656
14490
69712
46363
87854
72040
1046
33934
83337
18319
67253
94342
79947
63085
43618
87735
8230
15628
40341
40053
38664
69138
12508
87112
90200
61344
73123
81462
47842
51067
17547
50042
32051
8426
9382
92190
12024
27167
39598
65556
77517
80111
10374
40254
39416
56525
11918
5705
30080
64744
48254
89253
2446
63139
29204
11354
85332
79136
928
13088
47784
54470
5279
81366
96013
18712
76027
32555
60390
73958
46253
52081
33437
58815
39983
52732
27602
68314
48964
3224
63150
21551
2920
79091
83066
42054
71675
11668
76772
82043
48728
41925
24784
38283
20167
92773
33902
9094
68717
78913
22098
3139
7102
46847
38606
41451
25945
90180
55195
36727
84320
39524
27563
56338
68213
35391
91279
93823
39961
6455
28146
29239
22342
58112
79982
74109
17754
21280
14297
63904
43807
77341
18563
8705
24313
65231
95880
28563
67350
35524
57240
63011
89533
37711
50330
52927
22321
20575
25710
96564
11433
32543
96136
46092
29345
2415
60145
2836
94168
40862
2074
56782
46990
20252
67707
73471
46562
9122
65561
50565
37657
83646
20580
42938
63935
33678
76750
78210
75751
95561
33891
50009
17577
77305
89422
42364
22255
20869
69154
84361
83282
78350
33175
44119
43265
80319
25395
86179
70827
95474
61381
17730
35892
15189
71826
38847
74683
86932
41844
37878
67157
87090
76008
10677
4246
90330
57881
40848
78002
54929
60193
94158
31794
78314
85058
93533
38414
498
58193
92043
52537
11087
22112
26138
14163
19047
88655
28155
89400
37121
52295
46851
22225
6904
86969
10963
15163
76473
43542
22840
29383
8844
58090
32565
13971
53564
16547
12805
41392
89666
66633
44369
21541
94759
62862
1714
56139
50077
9561
4195
48413
48928
69896
39732
92267
8518
3234
80536
77851
3211
80305
14499
67010
2429
34361
90894
97072
61420
21134
20708
20508
42121
17974
4304
6785
55331
97201
76380
44711
71755
15950
14959
58146
44979
92885
40844
438
68503
47356
50636
94743
75534
70642
735
48006
95523
50725
52164
45368
31320
85304
81144
27328
94224
56136
8702
47459
81194
5120
46331
30466
59340
85989
31988
69029
61675
27371
15985
39151
89946
60337
85256
41382
66978
92807
47298
4082
34910
34956
88740
46861
71541
30941
71195
34253
90752
52111
94038
39789
88292
28244
47644
44800
2957
65891
66354
55356
63522
7968
93228
90933
26108
56063
17475
92233
6927
80626
56484
57835
92954
30810
5192
46014
26346
20598
2286
90801
420
39172
71807
22685
51049
9448
49106
88820
92879
19613
22320
63909
42203
30495
7086
76730
65299
61464
64644
7515
35390
93981
77381
55729
38785
57283
82405
34188
77781
7680
21030
3863
32108
5590
86901
62847
60092
68972
20581
67774
23077
25236
94649
77806
4397
51146
30696
62689
19052
88230
91488
54515
54211
88904
1591
53510
24806
38526
33378
64198
18038
14468
50701
66718
28388
54176
53336
67235
26710
33769
3685
91521
47952
81134
97391
45770
27266
47839
65902
97326
25898
26107
80488
34425
21583
9414
75297
56478
91938
26994
15752
88852
71134
8227
15820
31868
30102
58428
7796
74942
16919
16269
89908
72704
5910
56913
24598
64266
47581
87781
23363
42948
39592
11038
18587
61105
81056
26967
90187
94014
36325
30650
60031
61145
79080
89077
24673
22159
78815
55826
88685
24025
4221
82734
3700
19254
89513
62285
75080
20559
56990
26032
6434
58970
70728
8268
75288
45916
77162
44919
51136
59074
23913
71847
45961
14108
91642
45862
38241
69809
65183
68057
75715
52140
70427
82231
16424
87988
24359
62084
9009
24819
55985
28668
76490
15174
89586
31918
11566
18578
81915
81898
46755
70393
7273
17209
3803
74848
92351
7000
63123
10011
54740
36146
71871
97015
34344
50846
22164
10541
37298
58328
60837
17696
78363
28278
3404
37610
82451
61514
83095
25008
78909
72147
61853
50338
69925
17010
2536
43516
57325
62545
76458
24235
29971
48419
68801
59973
40966
3350
31420
57205
54131
79278
39404
71454
13436
66888
62303
81664
68984
53978
30750
53161
45170
28140
35354
9661
89670
28835
2831
3738
76663
49404
80003
5626
78055
86742
455
90277
93464
16312
89379
14169
40025
77361
31512
51572
64016
89945
9216
22721
55771
59203
78166
63339
34544
83300
40967
28939
74381
51069
33425
39326
7196
45013
22791
1589
9435
6184
53039
7331
52370
79071
14001
58967
84903
79824
91717
47095
47613
66890
88326
40909
90807
59040
79673
35376
22774
61679
84056
35899
80702
14498
2778
41856
23845
85310
32800
69605
83211
52039
11216
3746
72858
43059
63606
878
30166
6745
75452
82128
13653
85124
87285
25233
14065
27100
1212
83744
85899
64354
21923
38622
46286
89579
45963
39553
72366
47068
66496
87802
34844
2090
89374
43488
11798
14676
3250
67911
82108
57480
73762
57229
60242
75193
22295
56326
38466
90630
33048
30338
53923
57783
15560
88715
28598
85202
58279
85250
30567
42652
63754
31217
74219
74533
69062
13576
86148
55185
63980
68622
75747
7055
40536
22920
58175
66675
65405
52939
36409
44990
58556
17441
76282
35318
3039
55627
13482
96356
41708
11641
80972
25228
50241
92376
27162
38545
28649
6146
12535
84396
79772
4156
56479
69945
51160
69965
78444
73405
86131
61507
3464
35217
36349
58511
79640
802
10750
47623
24983
72784
72036
37953
39114
26109
79789
61655
5150
15795
73227
39193
55162
55178
1495
13691
74799
59724
2312
47815
87256
20208
97237
53109
23356
31427
49126
6349
51341
8042
93501
73710
96562
30246
56540
89878
31223
90393
14828
29232
79377
27621
396
5288
48311
47004
41703
5811
32005
33947
52143
58450
90623
61131
62051
85502
85003
72431
11080
2686
51825
68199
28877
38965
13586
90532
83783
3372
74441
73658
74282
11904
46083
19432
42943
79703
999
94404
56546
58539
8203
75608
57105
12608
77641
29837
23629
34128
74945
63520
55114
13641
41108
1820
17455
53984
61784
17095
9863
5634
20796
25334
2962
57461
14482
78323
1782
92053
27332
7367
43595
6949
62333
19369
8585
27147
1817
36596
27780
33768
65048
12112
32632
14853
20798
86729
65523
44912
62040
22349
21708
46343
59708
17098
97420
13378
40468
15008
2758
90448
12470
82286
92778
86766
18468
42641
88105
84171
2076
37731
30364
11312
50252
48648
10390
54319
85451
83280
50849
20610
17479
29876
91917
44443
77046
48934
89240
35454
2614
66959
68076
24581
7865
11883
85895
92175
64795
85925
43409
75617
1996
47917
10781
65038
90841
60438
85238
83316
6216
93862
17072
5071
87592
79748
88452
13099
1713
60515
47883
9220
5825
43304
95933
50354
15878
12326
71026
23407
48628
2476
12622
53901
41313
88858
89997
96234
80594
13568
69704
3577
55851
11634
9385
55176
86400
46733
55301
29490
60570
15014
13041
70034
34084
7370
66104
17588
50219
38260
67912
80232
28002
85557
15100
54583
4430
16322
66762
44165
38368
69830
60794
66323
88772
6683
30869
72502
79555
24501
14679
17466
39512
91906
13562
78457
64278
76317
28719
40271
28483
81734
68694
23617
64298
6892
54316
85195
89886
62522
46090
32278
20578
17965
87032
58155
36038
89208
64202
96545
89528
2079
41019
12063
30131
41167
33112
85737
88644
95885
28006
33015
36120
31352
42582
33088
95395
56821
60599
1456
90358
20108
247
29755
19141
1050
72307
3763
14869
68827
24597
6987
84862
6694
80879
21088
9624
52234
9777
27343
58564
44818
89696
1221
70248
44207
25552
7751
5676
64453
34353
67406
27426
12926
50515
82250
76607
12546
49218
4665
51500
25134
90462
71917
48639
65623
59436
84372
14936
53253
56968
77762
76077
22957
8275
25616
92618
64089
34996
72093
17826
86424
9856
15574
5756
19513
40107
97290
61787
40141
1898
42785
66803
46205
57211
25654
44167
23826
76890
80193
10910
24701
20124
6844
23581
67133
97039
89683
10919
82160
95019
72938
85207
72993
37957
75114
50466
77252
573
3781
847
50564
30887
74116
74296
94868
27164
95604
48193
64463
21853
31990
79967
12965
4785
72659
57197
20332
86378
52043
92259
21744
12427
64827
63185
15373
4208
11815
30401
89239
45192
38212
90917
51444
24757
54864
91335
82507
13958
11486
51804
38650
2019
37304
21850
22207
74465
50159
74118
91640
20073
16360
29043
46877
92891
51004
22297
75661
27351
95761
24847
22187
73505
95844
62087
65680
13165
84192
87615
19455
67290
17622
40426
44188
34776
91617
69694
33461
95437
61036
39053
17482
67601
10058
90018
6646
55488
22163
35230
90890
22221
62771
96439
88895
75009
18446
63427
12525
40992
5903
56367
44307
15499
72806
59512
33172
31395
78218
44933
44373
58482
68405
57987
64997
39373
68799
65800
67880
6294
6054
31100
74101
78964
70755
46874
80665
19576
1366
62653
32886
84300
79388
38302
73257
40223
79046
4972
7285
67945
91707
23634
58121
47063
36885
61357
87243
77002
32973
29899
30152
11184
78316
30161
73231
50628
40985
93297
36301
32683
88164
43581
2296
85951
93292
31406
53469
40120
41023
9522
43777
60254
69895
72890
31970
25985
20442
45721
86465
331
37027
27767
37066
19694
24616
40592
35491
48814
84047
91154
9188
94807
8006
23227
39776
49382
61253
40796
14004
92910
7497
24693
91699
91934
38566
16520
45777
55896
25370
20414
55591
14761
33855
13304
88110
23063
15737
29173
18270
45592
20977
43709
64077
97223
20636
12110
1483
15291
10835
38229
47591
17434
10173
13961
41386
66541
64543
12142
57965
39843
32141
47328
42162
32018
96400
9930
77485
9869
8076
96169
56415
92446
92995
64092
1650
49936
37569
24336
47778
94156
54591
381
51253
77725
82074
84027
82858
67036
9799
13272
79399
84995
32736
11452
92681
25007
60465
28904
2677
15461
56948
77161
67792
88141
13684
42397
48535
10875
1789
50995
62557
97105
51933
29955
70927
36157
32142
23025
50079
5542
2324
77281
2223
47197
44030
33432
22830
38864
39374
74232
94519
32536
87683
77327
19813
42593
47609
57818
83915
28845
36154
33871
1694
58764
95517
74786
90951
45999
23029
43289
64079
79949
12513
77231
17540
88170
25404
69755
78500
42572
3113
83815
62654
10934
11203
83880
2933
27877
17580
70323
70626
51453
65564
59319
38095
33642
7777
60004
64238
85551
16714
19102
33935
4969
24291
32802
2907
70269
77158
19360
65721
11112
19195
54190
8962
44817
33924
32279
30569
37861
96200
12489
59339
44641
51138
53447
48150
12075
5631
7590
45237
24657
14747
96788
20226
56648
84043
81081
93408
32784
47166
29104
37545
62535
42505
8849
23517
67361
32639
3676
8025
10238
73119
92820
71651
76203
12126
42253
15313
68596
16790
37782
44673
5186
5085
72054
33337
43253
75495
263
79424
44492
72471
25971
32147
52495
69109
41595
22813
57741
34528
58833
55656
54283
19013
7514
36679
56303
24028
47386
18322
79548
2215
32554
75451
59756
54321
18422
92364
36104
10859
79738
59313
17324
92622
66532
91331
91285
77009
79760
78386
39935
3664
50090
14867
68735
11202
80892
83494
87175
16041
39621
47265
30763
75434
15017
89493
54565
85054
1227
10762
12786
49945
88242
11062
82374
16356
41867
15784
5572
87268
72795
29515
54594
10610
93300
25039
58674
57606
55929
70319
644
53003
42520
32508
89044
42599
61657
37689
91365
39665
16294
64607
30856
48904
95642
78887
24588
94331
89770
93763
21463
31983
57620
11103
21201
42342
27061
18609
78836
93321
15429
92657
44191
53494
40593
6387
11628
73053
94552
3931
5291
69365
8987
45441
54050
45385
16863
40690
49915
44260
73912
41594
91026
21229
63840
19558
50505
33636
63850
15145
36577
73804
40517
84017
4817
36669
42812
20034
36443
7288
87527
90403
51563
89180
46061
58846
91292
9290
66946
70802
35405
53797
56262
48216
3633
9741
22955
52671
78873
37825
1904
21180
70599
87516
50496
37177
77220
76267
40044
8911
1902
48767
9140
52787
436
75936
88984
84146
8392
48982
18994
96719
96443
38891
7684
50284
83288
3870
63940
35109
58430
85612
57427
15921
82877
70627
77379
32470
13307
33120
27005
60469
52452
40342
16965
82300
8952
70374
79968
58694
46213
45858
81828
42200
66801
73285
23439
25174
79593
37931
61728
62179
25328
41024
1229
68363
79043
60044
70994
17499
46792
53917
45178
78085
38168
54444
31894
33781
20053
82869
29586
10199
49880
85621
76863
34547
95482
74689
56196
591
93861
12514
24226
16932
66927
7112
73516
29704
95943
62584
61472
67242
51027
32162
5259
9481
40153
94415
33450
62538
29651
39594
23191
35711
7440
15316
47774
59072
81980
65005
75483
2417
80019
904
34243
40303
88316
3599
67041
4671
80194
70475
30120
57653
71683
32653
94929
65894
2602
84882
44314
64745
43334
34360
86579
64332
82527
29560
26421
39220
57944
10700
8651
15504
9920
76885
64988
66055
88429
76503
72936
8710
57279
70124
546
73446
47370
94961
38039
21735
77131
3103
18176
56492
67117
32083
29290
32597
55674
61823
21859
51461
22344
83164
31530
92709
56323
36961
26130
61747
30600
62133
69420
55103
4535
22257
14909
7544
41351
12339
52867
29000
89266
63571
66641
90501
51122
4660
59760
15735
45386
37169
90525
90689
65516
54152
6281
26091
57387
52726
9454
87443
92969
4344
83201
21540
24031
53631
16019
29145
63336
91911
74549
55785
8920
62639
31226
72292
78975
57922
54332
40781
26041
77336
64640
12274
51629
59426
6045
71904
48601
82155
68254
12865
96346
74367
14524
32636
25314
34818
26909
64787
65485
15940
86349
29856
45101
52420
4085
23318
7842
34099
96171
58425
10520
6171
58872
40701
39302
81595
9578
40450
1150
73415
55471
37983
25781
24522
15588
71073
47846
90734
18885
1062
28504
7653
46656
34138
12376
31627
85365
77015
74177
78104
1216
12240
71845
85666
80905
70297
61296
42747
91815
85174
82064
61788
49168
51125
11151
71269
56890
69492
45784
78527
10547
2565
54326
46170
59990
17658
59000
30822
46791
37779
21245
17189
83070
50697
14417
72775
86365
75772
20962
84287
36413
9443
27837
79893
31838
91725
81007
95660
20116
329
2924
65243
79191
66453
47994
78198
91412
38855
10091
16806
90387
84932
29779
19355
37594
21692
1053
93427
78535
21271
32874
68750
14052
62497
39858
52711
90296
24858
23367
2621
57675
37248
91455
48206
10389
54908
53543
34038
27534
7283
36295
56396
11014
3692
7029
71287
79105
66916
62186
26426
19552
83357
39270
69858
10168
48675
92684
33161
51381
92557
71547
69721
91223
26151
18158
87451
67170
44592
93740
85036
81397
68795
92056
16189
12573
39445
22218
8395
73433
6506
88539
5412
49978
7665
46764
60355
58623
28874
25440
49390
95061
63790
29356
1621
31034
73885
52846
57760
7501
96625
40797
13434
65481
61822
65367
25856
1614
75390
73258
23610
62815
92010
47564
14518
21833
35214
32906
4101
37557
20762
80255
62273
16206
74607
43727
76906
72879
35868
33967
80339
37647
39196
72059
70529
76234
61463
30873
65922
90509
96771
96988
80908
67757
91245
11720
17522
79418
21400
189
44022
61844
330
48711
61320
941
42024
91222
14431
55795
41398
17480
1186
9366
12178
73113
2419
10276
34954
74919
13560
40971
84029
42494
62549
11920
67733
34918
12009
75210
38636
15986
19636
56004
51540
78576
76204
51242
26214
38171
55354
89846
63362
465
44645
66705
60533
85143
4330
10587
28062
94517
78289
94192
54472
96811
63537
68647
9000
91042
42270
59232
39616
81425
37735
75506
11697
57479
56716
92279
20344
92547
27655
35616
24100
28222
48108
72120
86055
47734
14471
81488
59424
66685
71123
51078
71788
23180
28866
43656
31323
7818
68228
8742
91265
20146
67797
27028
82139
71973
60805
24257
70196
11749
21060
88378
42
64148
42637
58182
52406
2872
30157
42425
63913
57098
16103
33927
66785
36856
20514
973
91397
42409
16167
54419
61042
45580
7082
61699
94299
35799
34285
78138
34513
16448
1645
88072
217
61951
83338
82778
75600
58084
7469
14069
23352
4038
10232
83324
598
78523
91167
80330
45520
30081
30227
42389
89989
83445
47137
92431
81315
44172
52028
83798
44389
16049
18300
55837
74027
64846
20324
5817
45130
5336
12139
53816
1686
30546
77290
67156
21172
63920
49328
776
53746
47234
47599
79336
13134
4300
44625
44059
30029
12207
89883
82181
48707
298
45203
41785
38072
85471
91893
93604
37376
96235
858
18073
22406
69075
67307
77981
91229
66185
80050
61418
39985
17354
35565
44311
60941
80196
47073
55780
57177
91202
52356
21168
26690
82985
82345
62356
38924
37231
96129
85140
81133
21504
2436
17193
62364
11661
16148
93289
19092
52137
42632
16346
38071
24613
26872
21289
54789
56104
17953
51131
13030
85276
42340
40103
79717
82178
734
60819
83367
68835
1959
31942
85680
94813
61303
20395
96968
73066
83092
33766
71258
44982
55340
84560
36172
74850
2981
18428
26971
48507
90754
58342
20596
80108
9954
50582
19198
25161
50617
57447
23988
17844
45744
14699
71433
39928
68552
28749
48595
44235
41963
73068
22593
49874
77035
70243
67587
45911
56773
54941
12077
31679
20511
15129
39262
86472
48891
45252
49771
91639
91290
49590
79219
17712
13946
73665
82597
55286
61035
26228
52262
16899
42363
78942
36373
47318
67828
31401
90008
92170
78147
587
95897
68995
53785
90985
86676
9751
55403
13506
13036
26966
33863
15448
45982
86165
19062
81157
40928
77295
17734
72770
70565
25918
35625
2166
92083
80996
51882
75518
33381
93872
32918
79413
49599
73132
31230
62357
74321
6247
75140
66498
20269
3720
20978
21821
19849
3689
26715
53971
30124
41083
14910
47194
93852
83046
34076
78885
30803
86120
64620
41239
30767
38045
2908
55520
77119
97432
38102
45305
92150
20446
20402
33794
13133
12700
57530
5597
19362
60681
79941
59508
52106
76723
36003
2642
35175
85049
82318
67424
79636
27895
70545
31877
65104
96518
66385
38119
28165
59492
49908
46393
20506
27711
3494
27703
44520
20919
18727
55199
83900
85037
95851
61311
88430
34961
86221
96801
15994
16443
47447
21303
9626
69465
20331
2646
30437
13686
49930
20171
65851
35845
82989
13244
30603
65910
81818
34475
64805
8744
87422
30177
63916
50510
35901
83122
19545
87180
49460
94746
5357
50656
6240
77620
95310
47162
59104
64572
16224
46106
13411
10222
75642
408
51684
65969
54205
52534
22179
10139
12599
45453
7855
24922
78934
67806
73509
39793
29682
39613
94478
8141
67650
85515
49572
34898
52139
79074
96969
29631
20115
32387
56978
54922
45653
46375
61486
17139
22575
54578
6709
3988
58634
74619
68087
51055
15434
26951
92728
5153
31923
32799
54899
12464
64588
23570
67934
59398
19563
68097
38929
79029
90758
18557
86590
42252
2810
79591
89827
81772
75481
40373
10309
88672
71895
32512
33107
93812
14060
1428
87016
100
38962
62261
94091
39648
20309
23362
76617
89778
25719
63116
10713
71658
38999
36863
75064
6314
83753
19204
5122
48479
13420
63955
9020
30223
3173
23028
62298
49198
87903
47244
66400
44428
3943
43407
84899
29255
73565
84456
81467
55432
93404
74256
83261
73999
3921
1590
10021
20438
53160
65429
22193
51304
40029
88677
14094
8507
83797
59106
31965
41425
95033
27810
41289
26867
45332
8731
81314
75639
72733
91106
42332
21288
64303
14655
53032
55916
91343
95015
59762
36970
33870
91143
58949
51279
29724
67467
20436
18164
50535
66342
27388
80022
24387
22327
37140
74876
22887
94941
7490
18906
75367
55579
40584
33469
12107
33087
75711
81029
68556
8656
15240
74240
37037
88774
27175
16699
25535
67776
59253
88210
72436
23151
68665
34637
60713
26558
4855
86895
65235
83259
30908
34720
87054
58268
4071
76363
60682
82606
92828
33495
33910
25951
2211
12790
64051
55048
92176
8556
13331
66986
40922
77195
61214
51410
34633
75215
8026
61960
58075
9353
44819
290
13558
64544
23376
50626
62173
82019
24523
91732
60462
10009
47421
34350
59234
64769
82045
5935
19161
36390
70437
82732
57200
47634
96158
40169
35311
2489
74947
38831
32249
43593
41008
68425
45461
93596
31568
93487
67667
85646
21774
14075
78717
69440
56513
12331
94232
38301
94608
17358
92963
70859
73642
51984
63345
53795
60133
6955
4848
61670
21477
83376
92770
10457
52284
37964
96597
64716
23737
80101
34422
63239
93809
7383
37343
496
69677
38705
85443
67088
19539
9776
7092
56284
53004
10672
77272
4469
4321
58752
83887
15460
27251
18825
11931
6354
75100
33789
76840
62348
4161
29813
23055
20039
76271
2187
33801
42386
76937
65443
63656
66504
9486
95979
71838
17494
28618
2002
77640
42654
45452
63928
36389
78397
75630
49739
3005
87505
66703
69641
77598
51495
16686
65192
30545
38123
68435
4220
19605
90788
3154
92932
901
80577
75490
58926
24706
50796
35671
54477
88435
21814
12633
23597
78633
33499
85271
93575
15472
52571
45650
67554
10795
91518
37710
6639
29297
27154
81237
28083
31413
23232
2691
81881
44934
10443
20201
50906
74129
71256
49995
26629
38116
67861
15569
54906
29207
69266
54158
409
3916
76507
65218
93660
37601
77098
65701
85581
41694
18975
90455
69222
40857
21187
4166
21763
65317
39689
5400
47776
28084
14749
81468
34677
35782
83742
27169
79821
92832
45727
79185
56956
24644
67496
70837
62646
49372
14654
19386
79894
72187
40490
49793
15398
79257
25022
14637
38225
47417
66452
57391
50998
64844
2245
58797
42154
74072
77639
5165
12375
8592
57975
85836
54971
27464
56867
12579
42610
96904
9373
37859
60314
54254
67479
26125
14692
10434
40885
66577
52310
27130
49448
43480
24326
46521
10695
67574
56653
48437
67363
78051
87250
76696
73931
36188
97455
96015
64924
74816
85996
84476
12242
37879
44820
10979
11296
50740
42235
13424
44764
13926
43157
6884
9854
31977
26252
18393
56563
5938
32285
14882
45612
66928
60888
686
12455
66077
10992
19076
96889
87860
17202
38488
67374
95164
34151
1698
7732
77911
10994
89157
78052
16880
80897
84505
48372
3574
50539
7845
47022
64602
30906
2898
17146
20392
16907
3375
5212
26873
73538
43828
5780
28490
86445
36467
34142
30890
34081
696
84234
35265
46629
59581
14599
60116
70029
63698
57087
36137
93910
88359
3047
59350
58904
64922
79977
13478
4553
82865
91415
11652
24096
95650
84720
40058
33903
93119
48475
74555
86256
31458
23210
88305
79986
83686
52843
86589
29061
35449
26561
74075
95333
18601
21829
82986
33646
10038
94511
48485
59374
45960
73712
52175
83947
69903
83991
85010
85811
63633
93585
92179
33576
50990
14551
221
13026
43202
40543
60734
77388
78196
32240
58545
74350
12832
80122
67985
40958
21836
55667
43177
39199
20376
12417
14579
8801
94708
78334
11298
92184
27292
97345
84485
7551
77446
79176
42556
24482
88221
86132
75083
40119
87815
82057
54566
21334
71460
90125
39957
27854
43537
62506
51338
92100
19205
24900
88688
49968
55343
32217
12947
3147
54447
19119
88623
54342
74855
64466
51959
62955
5344
62600
69105
82920
43883
51789
10131
71784
81429
67673
18666
37970
12422
19194
20920
88781
12933
10180
95354
49524
4710
7481
13388
64292
48965
45215
19608
30186
10785
1638
8420
42908
40066
1847
51399
81719
86305
67639
80181
40613
73213
30669
96184
23510
53441
31106
10115
75280
74036
43474
13105
5454
59051
45854
69124
35477
80869
74643
84551
16578
96068
82694
13872
39806
35527
56589
80745
42971
89397
38287
59306
90399
85424
27072
84478
31491
15194
11431
96330
60489
58226
93011
55873
63732
32821
53678
4605
83660
40276
93922
17255
60178
81182
17487
460
34291
37129
54620
43933
23513
51480
48593
25262
77580
80461
90249
37131
77730
66951
34791
28776
31000
49272
89203
42358
67311
40831
92095
80394
55510
96840
25923
70014
53485
43775
60970
14375
31060
89365
59995
74956
61283
76514
3585
63218
11728
92672
74498
12670
83047
58849
54992
43706
43728
20235
63809
55366
32703
79514
46335
76091
93237
87104
21056
84327
28638
34508
50909
32393
92667
37898
48052
568
48326
17568
63927
36387
71886
10828
89561
69599
18126
58004
13085
31499
34332
92072
78061
1259
10519
2792
21410
85604
42470
47731
28873
82063
46554
20365
94172
31701
70731
91063
84950
89981
56010
21865
83518
65753
47969
50036
34600
14600
13042
52941
14558
61032
1491
74153
23456
95470
27663
36365
6874
35378
34295
95430
42072
6809
62131
11928
85733
6993
96259
68024
90263
48156
88074
63912
13108
5906
13901
78584
77396
11569
38068
87881
1772
53980
96420
57044
97029
97467
23022
21485
36291
40148
23623
31397
45324
85924
66921
62212
13006
91996
91138
7550
59755
5529
55201
69684
67103
4314
43746
75058
88806
73670
91333
8712
56813
44560
67549
77966
55679
58890
13336
20391
23655
14235
20259
2523
11820
72922
81487
27526
66980
29994
77793
22918
64242
83548
46081
32668
86942
72552
83041
63569
52550
95277
13249
43811
27291
53862
40225
34993
52969
33049
17144
44724
69696
74038
75163
10005
44638
75222
72671
13910
31169
65581
54771
80460
83432
67027
27792
67755
72835
53313
45491
1040
88750
3041
91439
5585
24970
61201
25566
57459
72545
28973
33283
18054
39446
257
42874
73728
15047
72725
70673
9224
5321
82176
65354
27421
13423
41151
34245
88724
7872
83708
48012
75515
40845
68581
45605
93870
14977
16953
85086
78148
97427
83458
64674
36476
19530
78256
43183
25400
54051
87785
44099
23851
76815
56483
38015
28650
71121
2886
47404
95473
19445
69059
56861
2012
77397
5933
76653
29392
19272
81874
86286
18719
96220
66706
97346
82608
10213
36720
42467
70122
24850
43316
30525
33180
68198
29319
19718
90109
65737
43145
13330
67724
30303
27403
49517
49855
41543
15161
56180
791
45786
94043
11454
55324
16561
66033
29611
4151
47522
59781
64309
3217
93595
62933
74729
89740
44436
83685
64925
61499
81412
48092
80808
32990
56950
6486
42741
29753
12883
7724
42271
3342
95586
92951
48670
84295
36793
47545
56851
29754
4267
22413
6560
51817
53104
81474
12253
25333
53716
15978
13446
12695
48636
17334
11240
68914
61645
43934
13733
91025
12621
84474
60156
14928
38339
83873
80646
13523
69233
48259
2101
45174
80385
52288
68448
84595
63281
6618
30200
9962
1178
2100
61361
46235
82283
9171
76205
17472
82137
72695
90250
39074
69817
69340
20312
25158
21040
19065
69088
87819
60272
29932
35902
57223
13721
81884
71775
66599
19160
16198
72841
33325
62065
32723
79192
25993
5738
41637
94849
71156
39425
49533
15062
9050
83298
10340
63329
96100
96252
13794
19155
16501
74523
58167
93473
63752
88231
8657
90735
58671
76651
78732
27697
37375
89090
48778
5619
62742
28712
38219
6746
27455
28673
40438
2047
83624
77684
89008
47504
29304
68533
73857
54139
35956
25035
51434
85582
76999
19876
67288
27862
96583
51061
73110
40403
48211
56393
51044
13999
7203
18553
87703
70298
12838
95791
40506
37690
75800
54989
38208
36690
94080
36021
66616
82592
89733
70176
94320
50233
72532
15768
42674
69187
63934
79075
53415
51564
92055
86337
36308
67555
14371
48912
57179
71009
1991
94662
39075
47469
25627
82260
84444
39068
72386
96932
26605
41177
7710
60284
7996
38489
20377
22607
59660
42504
69377
3653
70047
4007
91645
31718
17295
83388
11555
84675
4277
5384
23007
64126
35875
95955
4739
83843
30272
4265
49796
38131
48568
16321
67894
35101
84666
60777
40704
46367
11047
72847
51243
31981
74736
53574
1724
21993
34405
59020
94473
31621
78232
76991
71609
61591
24118
27997
15748
55496
14043
93799
10813
87058
34244
37629
16256
62349
367
93197
93889
55109
85916
94462
82441
39958
54295
63298
67801
44996
36255
62389
8692
31236
26436
33831
74494
41562
88690
96895
50326
45720
5191
1192
53677
95326
2648
90287
83956
79083
56489
6401
28715
30708
36239
17585
71456
45887
76625
33426
77213
8662
7766
83696
16090
23185
43543
74869
48069
48721
68188
44691
6692
4298
38313
32693
15622
15796
18188
47990
70865
9250
32896
10236
47886
11086
75511
52789
58484
25342
93932
54917
32698
51640
15223
8295
50415
63195
58181
51452
69724
72144
34345
42860
93399
20109
32189
61768
40666
68950
41770
18600
87619
49026
38986
85983
39349
18064
93176
2749
54008
68201
92149
79400
28176
69986
59485
31775
41958
84298
88692
59616
30713
70464
78671
25430
19346
66624
58412
2197
35379
2111
62469
95748
79733
83936
78627
49938
15806
87183
42472
36529
17623
8070
18246
46034
68333
93768
63610
17485
23491
66604
29790
78600
49826
74218
47855
43468
67962
17125
9928
56019
33491
57677
25514
63712
34131
39574
79680
75946
49967
70729
12863
39992
14299
55337
75423
70328
67191
65189
70856
13377
65651
12870
30654
84742
72974
85665
84828
44823
90289
21509
93491
91362
81184
2025
53935
18633
12298
42291
28090
87254
78008
30902
86401
45568
78067
78749
60282
47517
71124
67045
3558
75283
87056
35883
75720
12243
18030
60988
24268
81746
97212
68105
63871
52391
1269
43235
33435
77886
7198
47679
34155
95947
35320
45760
19055
2518
85854
17761
79147
57286
34647
43548
71892
6168
27826
18258
96906
57431
57106
30897
10321
30239
84511
45210
62390
63842
34342
75496
30847
48499
93822
67830
67212
35684
62493
66421
17100
14319
76421
65159
13994
29483
54264
16461
82775
20601
68446
30322
26765
8482
44534
10889
88734
71355
12778
23861
34363
28262
59666
61429
42243
67264
42496
70220
22211
4926
14419
84912
83959
28470
21038
14279
55436
44874
88163
91734
30529
65725
32416
51670
58875
83638
50895
18882
62842
87686
15053
10109
47696
29569
89290
67775
58154
56567
87469
79545
96941
57095
48472
34143
7359
65752
5271
89414
53744
42893
60289
8780
4864
20573
46022
73135
39356
93312
78931
52807
92206
30293
38504
94468
51458
33932
80094
84157
10307
50393
76349
73461
94839
372
34924
94142
490
45774
25319
72438
85689
33284
56178
77985
66003
38555
78333
60072
45570
49423
51858
35380
8109
17530
52424
65246
23591
17601
34442
47415
58787
84245
18543
23338
74383
47748
97300
16375
45425
91833
58025
84025
27299
96743
64076
6100
44312
743
30806
86067
22778
12224
68112
47035
34923
16153
80011
5260
2813
3204
95121
35633
31639
58715
93041
39841
38336
58301
16945
31253
4058
40917
35855
20437
89677
84380
31182
33119
97088
88250
66440
94644
37288
88349
26192
73383
71375
49704
68407
40801
23979
23665
21886
63657
45283
76023
12388
90361
34737
18573
50111
15856
38779
54111
40087
46765
20944
6006
15299
31081
54501
31087
55361
94037
70395
80788
4401
73679
60509
9985
20727
25833
55030
31428
31142
83452
84694
30659
26708
69687
35810
65794
96851
43009
32010
75065
72749
40695
56042
20630
30932
7596
23072
23631
86639
76580
86285
1251
97289
74959
81338
19626
58138
83080
71323
22238
82866
34874
72968
61904
41046
9946
49865
85868
738
45329
18147
33704
79602
21994
30928
19938
59110
86576
16581
87342
70649
52702
80355
20742
9038
96899
72982
47482
15879
73860
56239
43629
85821
3643
56579
14478
14391
22882
90916
80966
96619
3477
88938
472
78750
29993
34044
13398
14230
17639
47908
19667
82229
72017
56739
53290
68918
75625
76111
31501
11039
65353
9787
60769
49301
21101
6332
21989
14333
8256
50911
1382
12800
46394
41395
29750
39471
11208
10659
3743
20328
26420
54396
71488
69357
86967
70543
57035
85758
1658
794
13032
11969
49711
83087
41498
74121
13534
84430
8494
88219
6656
86150
14881
73484
42263
28284
38862
2616
92984
17180
50138
28230
16378
36886
3690
94333
49561
89340
8581
40232
25107
84223
79896
71680
93233
92497
9412
91189
49653
69566
25024
22893
86734
46772
93879
89300
14908
2184
86265
7417
48195
51981
14905
42934
24174
31482
36258
60425
84238
62260
88084
7125
44981
2276
77103
65257
55644
64144
7351
95106
14580
48598
13911
33297
38916
37718
83835
80861
59985
40821
42811
90338
35649
78987
52566
94521
37778
9470
15776
59659
92320
18588
49355
94082
13303
32822
83520
23096
80716
76570
59103
10007
14368
483
43630
21721
19215
78081
55453
11294
3471
7302
82678
29593
14652
47864
4636
59694
56034
77715
56066
11835
15258
58452
2099
35629
3
29941
40466
65511
25949
2456
4036
78068
61125
23936
45670
23187
96763
16715
50434
93883
8307
27014
25353
43007
62965
1171
55495
68362
22980
63644
76274
68715
23931
5961
29978
30625
79314
42640
17805
88726
68741
71207
51063
67843
68919
18803
65293
23972
52885
27122
29832
29084
57465
34052
3022
79449
97149
37120
2930
88131
24957
44553
54660
34381
15442
57763
5570
70284
26234
13869
30285
38791
53555
44956
51867
30793
36378
88488
63576
71794
60291
72747
76346
2801
61540
36987
41815
65530
2368
42804
76367
50946
2659
64839
34892
75749
18897
20505
89314
43903
24936
25998
9682
49296
53018
43116
88011
31704
60862
2364
59121
49814
49309
3813
66748
28408
32806
63400
60418
36446
54299
33811
60726
29811
85500
93847
45211
42439
28374
86383
15992
22035
57349
15533
63757
20008
53519
32411
90755
34915
91404
45707
49698
85142
2222
22092
62745
35660
95842
11943
69032
87967
57073
64825
3612
75785
88687
33056
24890
68658
23307
82711
86114
41693
43533
65247
45572
2396
80285
163
95537
56919
53468
76994
24091
71051
49922
40602
75277
71646
31095
38973
38136
10252
57704
71295
2131
6101
58891
3527
43683
53729
69051
91659
76187
72977
71829
54736
96857
65826
13811
6195
42148
10264
84471
57059
10772
17031
20719
50185
44162
65350
82488
24333
86259
90529
94160
11770
61404
75738
33370
25568
29440
10974
3704
48491
29747
46072
33312
15024
2664
86723
95638
47505
67713
37416
92125
96515
64532
36581
3918
14509
63229
95173
24779
67205
29680
15144
80833
84407
54437
61866
43400
857
20734
55332
9979
2848
18996
55067
45627
63042
64815
66609
31529
9082
44698
18517
64173
10177
42865
72248
82642
97470
24450
29634
76040
70313
10741
72937
38463
69997
23434
76447
38355
19250
13400
34451
27393
50772
55458
24942
17991
554
46378
68839
72455
81896
93171
29998
10572
71432
92242
45712
7804
12986
15436
93316
142
26363
68945
41782
79155
17825
43506
25572
79874
93548
1037
1664
10366
31800
46966
89793
72515
73512
92599
47875
22904
8768
6654
16471
54395
23203
16350
30515
3000
37203
51930
48719
6859
29767
55594
18716
40416
85508
46290
71391
77450
27202
48502
71880
33192
39590
93030
79294
73854
37060
72151
58402
39056
17699
21619
50243
63406
20743
15038
39638
37443
80158
80357
27206
35179
3194
56280
55914
91658
85631
95913
75626
28630
30878
44768
39658
53190
3365
73163
10470
58736
67988
27111
61292
94604
59643
13459
10596
92752
21084
81036
5880
33984
81679
10507
33179
32923
96222
28971
8693
56193
29320
92465
1643
40098
3019
83096
85766
68393
10442
46921
93580
75298
15212
33459
50395
48246
92167
50380
95435
25930
41600
92090
77096
49247
80236
57100
55052
27295
43539
82659
19016
94968
4976
70756
77267
75234
70455
663
89391
13708
45291
16958
91664
50919
46031
36101
47473
93146
24782
23082
62684
46928
32921
72257
33159
86177
80713
26422
31467
58203
48011
75584
87216
84582
32035
78505
34171
77284
28967
81271
45086
30688
81569
49905
32715
83022
47348
91878
79120
46879
63097
62450
79333
68418
28360
10302
6249
29916
58867
29898
13823
57485
52975
85610
80750
30547
45668
91837
53227
25700
58265
81911
86512
69769
56249
78579
62243
62321
6400
75224
62702
65985
92786
50263
12963
88307
7973
8001
78030
79724
42884
70931
27646
78371
37837
29652
48908
89612
80549
32402
40698
18234
1438
52989
22794
86121
17288
1408
92825
85341
90450
71071
34643
97030
45693
66528
71876
81601
20975
30468
28986
55455
3767
85467
72303
216
76292
88474
60228
40936
15780
41343
13445
76359
75980
17908
4487
91307
59848
48695
84213
27660
48660
5255
2295
71032
57850
91762
28762
57445
11491
41323
11891
86039
1866
33785
47958
68089
56842
92639
48592
40871
10182
390
18791
4966
24195
36142
16690
56365
58993
36376
51533
62502
71615
56151
87381
55390
91651
5441
12676
35021
37578
51606
63933
38692
15164
96077
14651
74329
68455
19023
37886
43264
55092
40758
74879
77722
15112
10542
1967
3445
76416
47884
23775
91513
81996
47587
25278
41633
31210
16161
81959
3864
80551
84455
7399
7311
76460
66018
70230
6440
62782
49525
8563
24700
28290
45403
10300
28205
9155
9349
46107
7762
42828
85572
10931
58459
79902
86554
81246
96499
57889
1160
59049
8398
93738
69255
59183
11760
87211
19280
72249
9343
80652
37287
74699
75861
83614
93811
7847
22878
6019
96319
14283
47026
62879
6897
87126
63250
76940
5248
42081
85149
50879
67026
83203
83438
19656
46995
2378
82103
16351
50526
13245
14298
10769
26086
29421
73058
20068
37042
51479
64065
56917
67768
25890
44251
12954
10770
66428
95425
34668
66367
66422
14862
42854
81792
11471
33534
57747
79884
10653
23416
16426
63436
1662
63715
35138
60732
83423
37246
29049
20205
22353
20644
89695
62540
4110
4228
36152
60551
32814
55782
4143
48102
39577
7141
13965
82169
34079
96861
29654
51848
88482
11715
32724
77687
36041
31705
90075
59029
50811
2855
24394
20677
41795
38874
39690
68141
58443
25252
75444
7190
19746
8877
91038
55652
70315
76624
65617
67920
2087
59961
44226
59904
97165
37560
54831
34933
67995
72821
43066
56059
25235
87210
55406
92637
85752
85196
47777
80380
6534
63409
94152
55944
29888
75896
74477
43806
19258
23053
23957
69759
19359
93645
47713
4564
46723
28173
3182
28586
58297
38767
26903
68769
74819
22359
87776
85466
3299
36723
32213
90693
75505
12509
28199
75757
71667
69528
8561
25220
89620
94698
25471
684
51171
42965
87914
34355
68952
93875
11857
28687
24765
96966
84412
63987
10365
9916
57395
37023
27182
27373
14356
80732
73595
30826
36100
8105
62441
6331
92069
40641
21472
14916
75913
27195
93495
21141
24115
58740
25806
70474
21787
93643
68535
94758
44609
52192
62758
5424
27104
37555
89221
97315
84219
66789
11665
82491
61775
49527
88104
86046
42157
73601
494
55351
57440
35839
26694
16542
24626
30056
61972
22267
55981
30519
32431
54337
24964
73158
83699
38462
35546
87349
53235
25922
48020
34746
37736
90202
50613
31036
49216
43194
37590
47566
60579
19731
65710
57458
68350
1443
23199
7217
54781
96417
82833
52326
17891
11020
67354
53359
6063
76336
63098
97024
62004
58007
39190
68000
35698
76621
77371
74759
2991
61859
13
3946
3142
3541
53450
63632
5483
56699
24251
25845
5669
2330
61687
3096
62354
41405
78926
78387
60151
35079
15767
79719
29967
60496
25844
73103
86686
93486
196
9267
88847
7646
30677
53968
10914
86156
93498
11930
16769
68584
11587
66791
46943
50631
23163
46243
10871
75290
13356
16804
17957
43251
50963
55427
82561
41907
25950
79610
24111
19124
53859
94912
25689
28223
66783
54322
75713
76975
7571
1228
46536
59632
14359
10054
25587
80242
12839
14116
18826
41873
84520
64199
48083
41538
8465
3671
43518
43246
94384
95054
88722
3107
75450
73873
45410
30154
34519
82876
68149
97141
15086
62542
28997
53624
94255
79450
23852
3798
13441
33977
7863
82829
27640
60208
81869
5800
27420
41461
34842
81116
26897
78060
11040
959
30483
52439
12230
23480
32509
66650
76756
58492
5569
17401
18753
85606
31524
53804
81553
28366
40034
9822
14343
64244
62146
7566
28291
96167
8505
35087
88902
89523
5121
11724
30211
88617
35034
16
77749
90278
41014
82240
76604
26113
86479
78658
75678
53355
83983
76873
46174
67839
2450
45578
34852
28761
19093
55638
5204
72135
58465
77228
26302
94740
94343
31168
2617
61791
43789
82133
56488
15540
81730
16265
24425
34994
86282
96924
41048
9689
89906
68084
40591
43224
2701
96165
12881
15829
2539
22688
15109
77626
86781
42075
5215
66845
22417
68051
94409
67961
8359
34522
28739
33528
62854
51296
11335
24494
64456
70425
19078
15103
4323
67983
43798
7358
21100
3802
85713
11897
30424
73514
4560
34397
32957
24815
27841
19123
2546
53380
90853
90344
15350
95751
51784
88547
968
66556
18466
74629
73584
7895
9461
42123
31934
55918
56617
56060
24986
34231
76664
43220
64044
79558
33267
26784
96958
28195
60457
65546
71450
28101
66207
11625
69875
12044
41340
32344
18820
50093
66808
27350
77048
11579
37475
27828
47560
72478
53026
204
61333
17951
15458
17343
90963
71173
24894
30093
92501
70686
22962
66170
63182
96827
72753
10189
28975
25762
8647
60166
36279
970
53050
523
81141
79423
19678
13236
41326
33189
1595
90895
52458
75868
15923
75428
44703
28369
38560
78239
61447
27579
19415
92638
4566
52744
60408
24708
339
21263
14361
1085
10045
799
5528
74491
769
74800
17787
41762
71661
59521
24444
47107
54367
71556
46406
73905
41466
57941
64428
36634
41848
54358
58330
6495
22229
51260
23299
605
31915
11966
66417
76771
20012
11442
43234
66908
87041
55418
57510
58516
58100
56506
52416
4080
73046
80801
11474
90777
12245
2943
59126
1027
77482
88563
90317
38762
69709
18734
53637
46131
55294
38976
37039
241
33750
58373
61275
49951
78939
97425
91049
70933
18287
18185
2841
42713
2004
59808
53374
97151
82959
27570
70561
14265
97065
50102
36168
50453
4896
76691
1405
41805
12202
17517
91478
5189
85177
34159
19029
89936
25927
53784
73901
84276
78485
28465
85469
16013
41483
23121
45084
71930
28371
82953
22839
91456
32053
29808
71347
56235
14328
13190
69840
6270
58830
37617
33100
42320
11006
46794
53083
7969
78136
15425
50315
85773
42307
32178
96831
22915
57079
24867
9652
93734
64004
50146
61432
71606
58610
29673
53414
91336
95484
61741
87411
86947
55614
86524
82517
81524
36998
1560
87861
51401
25685
36134
1916
44280
66612
38602
83040
17291
33791
95256
27827
96506
8212
26654
67615
66136
35965
88836
78434
37663
22070
78896
69625
78248
78108
92530
20449
29249
8885
13109
11188
71708
16956
16447
74272
38152
90845
72323
6678
95565
86386
71551
31776
24889
73889
24483
45302
2350
50049
85437
67700
29143
33545
61912
2842
8619
47544
5247
46569
47260
86097
96111
77108
27336
28001
87688
14282
32130
10127
65702
32692
54667
88947
44966
77072
39501
47557
73131
20045
89081
81632
69359
53687
46178
91622
41391
492
8011
50142
67042
8964
24838
88605
15819
56988
1117
30695
77470
63285
96254
40711
56992
5206
50620
69664
77792
88834
27025
37999
92756
75043
36823
4996
96411
14432
95545
3108
14201
2776
80458
77714
56291
64622
91074
5727
66219
47642
34283
87261
21248
11363
79096
66994
74757
76
26021
27916
95984
47997
1218
65946
28799
72466
19091
918
33420
75812
30490
1279
3595
19324
5495
2592
36947
14731
43877
83776
34822
51345
47633
73136
89910
6226
34911
11510
32382
1033
62915
6311
81179
77020
54537
6728
73910
63572
87894
40346
93663
11932
84172
35821
92524
75698
35929
36460
90477
85926
96696
48027
95265
30817
97089
57141
37753
16452
60401
91214
57969
54236
80069
11826
56750
29131
33938
30216
71806
95564
96736
88746
23792
240
89751
66672
3953
14570
85034
29585
5821
11416
85449
79694
45360
63096
83165
82426
37993
30373
